Total: 3222.366250 
Average: 805.591563 
Max: 1040.343750 
Min: 0.000000 
